Dates:
20140514 

20140605 20140606 20140609 20140610 20140612 20140619 20140620 20140623 
 20140624 20140629 20140630 

20140701 20140702 20140706 20140707 20140708 20140710 20140712 20140713 
 20140714 20140716 20140717 20140719 20140720 20140723 20140724 20140725 
 20140726 20140728 20140731

20140801 20140806 20140817 

20140912 20140913 20140915 20140916 20140917 20140918 20140920 20140921 
 20140925 20140926 

20141002 20141004 20141005 20141006 20141029 20141030 

20141104 20141106 20141107 20141108 20141111 20141113 20141116 20141117 
 20141118 20141130 

20141201 20141207 20141210 20141224 20141231 

20150101 20150102 20150103 20150107 20150108 20150109 20150118 20150121 
 20150122 20150123 20150124 20150127 

20150201 20150211 20150212 20150213 20150214 20150215 20150217 20150219 
 20150224 

20150305 20150306 20150307
